babi.json
{"header": {"discipline":0,"disciplineName":"Meteorological products","gribEdition":2,"gribLength":74713,"center":7,"centerName":"US National Weather Service - NCEP(WMC)","subcenter":0,"refTime":"2019-09-18T00:00:00.000Z","significanceOfRT":0,"significanceOfRTName":"Analysis","productStatus":0,"productStatusName":"Operational products","productType":0,"productTypeName":"Analysis products","productDefinitionTemplate":0,"productDefinitionTemplateName":"Analysis/forecast at horizontal level/layer at a point in time","parameterCategory":3,"parameterCategoryName":"Mass","parameterNumber":0,"parameterNumberName":"Pressure","parameterUnit":"Pa","genProcessType":0,"genProcessTypeName":"Analysis","forecastTime":0,"surface1Type":1,"surface1TypeName":"Ground or water surface","surface1Value":0.0,"surface2Type":255,"surface2TypeName":"Missing","surface2Value":0.0,"gridDefinitionTemplate":0,"gridDefinitionTemplateName":"Latitude_Longitude","numberPoints":65160,"shape":6,"shapeName":"Earth spherical with radius of 6,371,229.0 m","gridUnits":"degrees","resolution":48,"winds":"true","scanMode":0,"nx":360,"ny":181,"basicAngle":0,"lo1":0.0,"la1":90.0,"lo2":359.0,"la2":-90.0,"dx":1.0,"dy":1.0}, "data":
[rows 56 to 83 of 181, columns 0 to 62 of 360]
90429.1,89339.5,86656.3,91822.7,94806.7,97987.5,101614.7,101462.7,101285.1,100328.3,101096.3,101555.5,101597.1,101606.7,101673.9,101693.1,101688.3,101691.5,101688.3,101678.7,101659.5,101632.3,101611.5,101589.1,101552.3,101526.7,101515.5,101501.1,101481.9,101449.9,101406.7,101376.3,101337.9,101285.1,101272.3,101240.3,85656.3,90534.7,93141.1,93569.9,95608.3,96739.5,97825.9,99843.5,100201.9,99897.9,89104.3,84270.7,81552.3,78936.3,80694.7,78971.5,86969.9,89811.5,92064.3,89750.7,92904.3,88030.7,87766.7,84472.3,91878.7,92899.5,87649.9
89051.5,91289.9,92613.1,93441.9,95345.9,98681.9,100435.5,100288.3,100478.7,99928.3,97561.9,100925.1,101555.5,101568.3,101646.7,101667.5,101667.5,101677.1,101683.5,101677.1,101667.5,101653.1,101472.3,101606.7,101568.3,101544.3,101529.9,101497.9,101488.3,101457.9,101430.7,101373.1,101313.9,101293.1,101257.9,101200.3,93657.9,93329.9,93712.3,92657.9,93173.1,95221.1,96891.5,99451.5,100205.1,100318.7,99901.1,90534.7,89403.5,85081.9,74275.5,79568.3,81550.7,82360.3,87920.3,88163.5,90851.5,92289.9,90051.5,83590.7,83328.3,92331.5,88969.9
92576.3,93931.5,94840.3,95025.9,97141.1,98937.9,99667.5,99928.3,99761.9,99009.9,97718.7,98107.5,97224.3,93406.7,98521.9,101344.3,101665.9,101664.3,101673.9,101661.1,101491.5,98155.5,99813.1,99486.7,100486.7,101413.1,101521.9,101494.7,101472.3,101440.3,101403.5,101360.3,101309.1,101280.3,101248.3,98832.3,92453.1,94112.3,93320.3,91480.3,92521.9,94217.9,96891.5,98024.3,99955.5,100334.7,100328.3,100280.3,99168.3,98822.7,84427.5,76305.9,80805.1,84441.9,86563.5,87553.9,84427.5,91608.3,93096.3,86712.3,84539.5,93379.5,93966.7
94709.1,95341.1,95581.1,96001.9,98126.7,99430.7,99373.1,99518.7,99328.3,98678.7,97563.5,95213.1,94825.9,93960.3,98741.1,100451.5,101045.1,100763.5,101669.1,101653.1,101637.1,100867.5,100333.1,100195.5,99809.9,99328.3,99065.9,98998.7,100694.7,101413.1,101382.7,101291.5,101283.5,100998.7,100297.9,96013.1,91473.9,93197.1,94430.7,91750.7,92022.7,94693.1,96643.5,97200.3,97785.9,99477.1,100387.5,100345.9,100246.7,100128.3,92462.7,79096.3,75790.7,81309.1,83000.3,84216.3,84304.3,81792.3,97022.7,91053.1,88057.9,94805.1,95214.7
96238.7,96699.5,96857.9,97024.3,98049.9,98507.5,98606.7,98688.3,98273.9,97800.3,97453.1,95104.3,94534.7,94803.5,96182.7,97819.5,98006.7,98915.5,99049.9,100953.9,101485.1,101765.1,101067.5,100910.7,100635.5,99955.5,99251.5,101542.7,101891.5,100313.9,99600.3,99885.1,97747.5,95413.1,96424.3,97032.3,90616.3,90694.7,93294.7,94201.9,93408.3,93840.3,95293.1,96249.9,96302.7,97369.9,98417.9,99145.9,100245.1,100312.3,100283.5,92523.5,80326.7,81505.9,78229.1,82648.3,75728.3,79597.1,93541.1,96853.1,85526.7,94246.7,94981.1
98963.5,97206.7,96285.1,95704.3,96486.7,97421.1,97824.3,97689.9,97350.7,95840.3,94254.7,94126.7,94080.3,94561.9,95454.7,96161.9,98304.3,98715.5,97933.1,100579.5,100699.5,100454.7,100870.7,100214.7,100384.3,100421.1,100777.9,101822.7,100395.5,99419.5,99459.5,100769.9,97382.7,101005.1,87126.7,92425.9,92368.3,89403.5,92133.1,92062.7,91523.5,92323.5,93085.1,94294.7,95145.9,96288.3,96870.7,97489.9,99579.5,100310.7,100285.1,100233.9,90865.9,81902.7,82272.3,83653.1,81075.5,81161.9,78915.5,93957.1,89166.7,81736.3,91478.7
97897.9,96675.5,94926.7,95249.9,94859.5,95481.9,96877.1,96477.1,96011.5,95552.3,95398.7,95312.3,95734.7,95537.9,94217.9,96438.7,95729.9,95838.7,97289.9,98662.7,99371.5,99649.9,100270.7,99822.7,99736.3,99763.5,99777.9,99606.7,99221.1,98675.5,99789.1,99008.3,94462.7,95904.3,97147.5,100568.3,89142.7,89832.3,90275.5,91070.7,90131.5,91291.5,92169.9,92665.9,94269.1,95512.3,96310.7,97201.9,98613.1,100328.3,100318.7,100281.9,96110.7,93361.9,90565.1,91595.5,87965.1,89963.5,95125.1,90064.3,84704.3,85683.5,84043.5
98397.1,97893.1,98297.9,97560.3,96369.9,95222.7,95496.3,95437.1,95766.7,95601.9,95337.9,95315.5,95534.7,96030.7,96481.9,96304.3,95614.7,93526.7,95880.3,98294.7,98806.7,99270.7,99720.3,99139.5,98776.3,99017.9,98657.9,99133.1,100232.3,98141.1,98985.9,98309.1,95798.7,96093.1,100733.1,100601.9,99830.7,91285.1,90568.3,89555.5,89432.3,88200.3,88894.7,92209.9,93773.1,94128.3,95486.7,96437.1,97982.7,99929.9,100331.5,100297.9,100257.9,100209.9,94859.5,95605.1,100283.5,100219.5,88576.3,95291.5,94085.1,87640.3,87184.3
98197.1,98889.9,98123.5,97456.3,95958.7,92793.9,91563.5,89955.5,89323.5,90601.9,93606.7,94726.7,92264.3,95374.7,96329.9,96496.3,95683.5,95448.3,96902.7,97857.9,98209.9,98744.3,98785.9,98110.7,97385.9,97713.9,97389.1,97501.1,98313.9,97347.5,96627.5,97237.1,99009.9,98977.9,96510.7,100622.7,100529.9,99134.7,93349.1,90416.3,85827.5,90451.5,91662.7,91821.1,93237.1,92771.5,93326.7,94547.5,96501.1,98563.5,100280.3,100297.9,100297.9,100259.5,100297.9,100301.1,99243.5,100350.7,97539.5,97889.9,97035.5,97033.9,97462.7
97585.9,97275.5,97686.7,95473.9,92043.5,91421.1,89761.9,89113.9,84061.1,85409.9,91651.5,93363.5,92320.3,93801.9,95227.5,95299.5,95741.1,96541.1,96803.5,96913.9,97030.7,97704.3,97688.3,96753.9,96937.9,95616.3,95662.7,95374.7,97033.9,97373.1,98309.1,97581.1,95547.5,98963.5,95459.5,100389.1,100537.9,100477.1,91099.5,93965.1,89592.3,89278.7,91419.5,91158.7,91939.5,92073.9,91694.7,93104.3,95237.1,96931.5,98601.9,99785.9,100336.3,100315.5,100278.7,100277.1,96789.1,100339.5,100334.7,100373.1,100425.9,100441.9,100448.3
97326.7,96904.3,96187.5,95057.9,93680.3,90107.5,88261.1,84785.9,88409.9,91459.5,89334.7,91093.1,91193.9,93641.9,95161.9,95157.1,93797.1,95469.1,96081.9,95725.1,94765.1,96401.9,95776.3,96651.5,96349.1,94942.7,91825.9,93685.1,96713.9,97067.5,98145.9,97896.3,95941.1,98302.7,97113.9,93560.3,100525.1,100409.9,100238.7,94613.1,90075.5,90809.9,90305.9,89597.1,90254.7,90582.7,92841.9,94944.3,95430.7,97222.7,98219.5,99718.7,100305.9,99912.3,100134.7,99089.9,95789.1,99773.1,100353.9,100358.7,100414.7,100467.5,100496.3
97003.5,96720.3,96328.3,95113.9,94005.1,90419.5,85621.1,90641.9,88302.7,92355.5,92886.7,91542.7,91968.3,93000.3,93357.1,92504.3,93430.7,94406.7,95043.5,92241.9,94040.3,94758.7,95427.5,95547.5,95835.5,94352.3,91205.1,95969.9,97598.7,98248.3,98752.3,98942.7,97369.9,98377.9,94253.1,96485.1,100595.5,100493.1,100323.5,99792.3,86462.7,90155.5,90590.7,89779.5,90177.9,92243.5,93678.7,93561.9,96294.7,98099.5,98705.9,99149.1,99646.7,98853.1,98886.7,99235.5,98269.1,91841.9,92496.3,93517.1,100385.9,100486.7,100539.5
96838.7,96497.9,96102.7,95149.1,94569.9,92872.3,92461.1,93432.3,93568.3,93470.7,94171.5,94893.1,93104.3,93723.5,95096.3,94515.5,90425.9,90787.5,91240.3,83981.1,94019.5,94640.3,95393.9,94921.9,94793.9,92278.7,94326.7,96083.5,97374.7,97803.5,97537.9,97568.3,96918.7,97369.9,96013.1,93734.7,97593.9,100440.3,100398.7,100323.5,92529.9,89512.3,89582.7,91019.5,88613.1,91192.3,92009.9,95006.7,96763.5,97688.3,98232.3,98792.3,99203.5,99185.9,99013.1,99142.7,99526.7,98245.1,98264.3,97758.7,100497.9,100544.3,100587.5
96672.3,96453.1,95177.9,94667.5,93616.3,94366.7,94731.5,95073.9,94437.1,93744.3,95173.1,95784.3,95571.5,93613.1,95897.9,95230.7,92963.5,81387.5,84933.1,89392.3,93670.7,94765.1,94649.9,94104.3,93102.7,93745.9,94054.7,95712.3,96448.3,97155.5,97395.5,97293.1,95288.3,96606.7,95920.3,93310.7,94942.7,98067.5,100435.5,100357.1,95043.5,83744.3,85955.5,90176.3,91579.5,92800.3,93008.3,95017.9,96528.3,97269.1,97752.3,98395.5,98849.9,99099.5,99213.1,99537.9,99448.3,99081.9,99942.7,100581.1,100600.3,100609.9,100624.3
96197.1,95526.7,93776.3,93870.7,94694.7,95193.9,95667.5,95609.9,93680.3,91941.1,95046.7,96235.5,96184.3,95403.5,95840.3,95389.1,93645.1,93409.9,91683.5,91497.9,94894.7,95243.5,94944.3,93241.9,93257.9,93630.7,94649.9,94331.5,96389.1,97133.1,97678.7,97510.7,96336.3,96749.1,96280.3,95203.5,93451.5,97813.1,100481.9,100369.9,100341.1,97102.7,84083.5,87569.9,90200.3,92457.9,93400.3,94867.5,95915.5,96643.5,97320.3,97891.5,98297.9,98667.5,99169.9,99283.5,98886.7,98760.3,100566.7,100609.9,100621.1,100625.9,100657.9
96577.9,95625.9,94520.3,95504.3,96166.7,96609.9,96734.7,96328.3,94427.5,88899.5,95160.3,96326.7,96342.7,95669.1,95790.7,95393.9,95811.5,95264.3,95320.3,95408.3,95990.7,95587.5,93761.9,93595.5,92581.1,94561.9,94798.7,93672.3,96097.9,97030.7,98123.5,97769.9,96891.5,96013.1,96483.5,95803.5,92457.9,93584.3,100510.7,100486.7,100321.9,100374.7,91189.1,83784.3,85059.5,90774.7,91910.7,93614.7,95113.9,96123.5,96985.9,97081.9,97381.1,97753.9,98393.9,98229.1,98313.9,99685.1,100595.5,100614.7,100638.7,100667.5,100669.1
96901.1,96787.5,95861.1,96533.1,96987.5,97001.9,96869.1,96384.3,94373.1,89969.9,95248.3,96200.3,96214.7,95872.3,95550.7,95925.1,96893.1,96984.3,96789.1,97763.5,96707.5,95536.3,95352.3,94389.1,92438.7,94401.9,94744.3,94238.7,95539.5,95997.1,97201.9,97757.1,96897.9,94923.5,96534.7,95881.9,94493.1,90517.1,95921.9,100489.9,100366.7,100385.9,98523.5,81931.5,84182.7,89645.1,91544.3,93125.1,93829.1,95104.3,95699.5,94937.9,94568.3,95931.5,96696.3,96929.9,98443.5,100601.9,100624.3,100648.3,100677.1,100683.5,100705.9
97416.3,97257.9,96941.1,96379.5,97421.1,96787.5,96467.5,96051.5,95136.3,94405.1,95065.9,96185.9,96328.3,95926.7,96265.9,97107.5,98053.1,98513.9,98870.7,98011.5,96672.3,95656.3,91753.9,88992.3,93006.7,93918.7,94315.5,94053.1,95574.7,96339.5,96320.3,94664.3,95848.3,95598.7,96067.5,96366.7,95937.9,93606.7,92568.3,100091.5,100387.5,100398.7,100377.9,98125.1,80326.7,87328.3,90697.9,91363.5,91493.1,90982.7,91080.3,90867.5,90747.5,90982.7,98544.3,100105.9,100581.1,100624.3,100672.3,100689.9,100726.7,100731.5,100736.3
97689.9,97379.5,97144.3,97328.3,97334.7,96494.7,95763.5,95168.3,95109.1,94993.9,95854.7,96358.7,96293.1,96704.3,96931.5,97235.5,97753.9,97595.5,97766.7,97035.5,96376.3,95406.7,93632.3,91099.5,91568.3,92597.1,90997.1,92891.5,94584.3,95753.9,96024.3,93993.9,96265.9,95049.9,95784.3,96229.1,95987.5,94901.1,87493.1,96563.5,100416.3,100406.7,100392.3,99624.3,77366.7,88931.5,89981.1,91081.9,89021.1,91824.3,94176.3,91718.7,98859.5,100617.9,100614.7,100621.1,100621.1,100681.9,100715.5,100752.3,100763.5,100785.9,100776.3
97963.5,97933.1,97872.3,97797.1,97835.5,96993.9,95510.7,96158.7,95872.3,95248.3,95729.9,96264.3,96761.9,96853.1,96969.9,96880.3,97179.5,97613.1,97624.3,96997.1,96453.1,95352.3,90409.9,91587.5,90398.7,90581.1,90957.1,92793.9,93374.7,94872.3,95481.9,95291.5,95886.7,96365.1,96040.3,94769.9,95616.3,91569.9,89337.9,81494.7,98848.3,100387.5,100382.7,99947.5,83168.3,82755.5,89321.9,88273.9,85350.7,87622.7,96419.5,100510.7,100581.1,100597.1,100632.3,100640.3,100669.1,100705.9,100742.7,100773.1,100803.5,100806.7,100817.9
97789.1,98118.7,98147.5,98245.1,97969.9,97649.9,97163.5,96765.1,96275.5,95680.3,96363.5,96857.9,97019.5,97566.7,97693.1,97206.7,97568.3,97592.3,97363.5,96881.9,96368.3,93891.5,90763.5,91597.1,89785.9,90573.1,92552.3,92926.7,94296.3,94582.7,95227.5,95893.1,96318.7,96152.3,96222.7,95390.7,94965.1,89939.5,87835.5,81539.5,91110.7,94302.7,100350.7,100353.9,83171.5,82387.5,84757.1,91864.3,100057.9,100427.5,100449.9,100485.1,100539.5,100571.5,100614.7,100645.1,100696.3,100733.1,100774.7,100800.3,100827.5,100840.3,100833.9
97849.9,98077.1,98342.7,98640.3,98371.5,97889.9,97537.9,95936.3,95477.1,96587.5,96971.5,97107.5,97200.3,97529.9,97737.9,97707.5,97656.3,97664.3,97352.3,96869.1,96109.1,94957.1,92771.5,92491.5,88557.1,92005.1,93966.7,94939.5,95009.9,93832.3,94470.7,95563.5,96200.3,96433.9,96088.3,95862.7,93360.3,88961.9,77027.5,84945.9,87478.7,99758.7,95853.1,100369.9,94238.7,99627.5,100326.7,100357.1,100371.5,100385.9,100421.1,100464.3,100544.3,100635.5,100608.3,100667.5,100729.9,100763.5,100793.9,100821.1,100853.1,100861.1,100867.5
97621.1,98366.7,97904.3,98785.9,98633.9,98017.9,96889.9,95105.9,94773.1,96401.9,96755.5,96755.5,96761.9,97313.9,97625.9,97625.9,97526.7,97405.1,96528.3,94525.1,95950.7,95217.9,94710.7,93718.7,92680.3,94048.3,95158.7,95568.3,95443.5,94726.7,93798.7,91822.7,95899.5,96469.1,95529.9,95099.5,92670.7,81224.3,78565.1,77910.7,90496.3,96219.5,94531.5,94049.9,100390.7,100373.1,100366.7,100366.7,100374.7,100368.3,100409.9,100021.1,100598.7,100739.5,100790.7,100776.3,100777.9,100809.9,100813.1,100843.5,100880.3,100880.3,100893.1
98232.3,99278.7,97157.1,97873.9,98067.5,98227.5,95984.3,93912.3,93713.9,93238.7,95393.9,96301.1,95032.3,96269.1,95065.9,97515.5,97310.7,97221.1,96456.3,95886.7,96253.1,95909.1,95830.7,95001.9,94990.7,95561.9,95918.7,96139.5,96019.5,95392.3,94960.3,94697.9,96408.3,96512.3,94043.5,93051.5,90761.9,75715.5,77120.3,70101.1,84494.7,93798.7,95979.5,95755.5,100377.9,100353.9,100361.9,99830.7,90921.9,93478.7,86830.7,99080.3,100640.3,100729.9,100745.9,100808.3,100825.9,100856.3,100851.5,100889.9,100894.7,100907.5,100925.1
99113.9,98521.9,96853.1,96832.3,98000.3,98112.3,98713.9,96357.1,92635.5,89451.5,94974.7,95883.5,98030.7,95181.1,96605.1,97179.5,97179.5,97161.9,96897.9,96649.9,96501.1,96305.9,96017.9,95257.9,94672.3,95459.5,96043.5,96358.7,96459.5,96544.3,96373.1,96329.9,96547.5,96622.7,95413.1,87193.9,89560.3,79064.3,85059.5,82320.3,87246.7,92640.3,92187.5,85505.9,90104.3,87920.3,90853.1,89649.9,89664.3,90245.1,93585.9,100649.9,100750.7,100798.7,100813.1,100838.7,100857.9,100853.1,100896.3,100917.1,100926.7,100925.1,100952.3
99177.9,96763.5,97704.3,97096.3,96910.7,99233.9,99742.7,98784.3,96926.7,95081.9,98694.7,99475.5,97059.5,97947.5,98173.1,96504.3,96347.5,96350.7,96185.9,96766.7,96550.7,96144.3,95309.1,92877.1,93653.1,93537.9,95294.7,95931.5,96459.5,96553.9,96561.9,96477.1,96477.1,96552.3,94997.1,83352.3,85187.5,83145.9,75317.1,76278.7,90072.3,80707.5,84229.1,84899.5,86648.3,90141.1,90312.3,94083.5,93357.1,92585.9,96184.3,100790.7,100777.9,100817.9,100835.5,100853.1,100838.7,100918.7,100928.3,100945.9,100952.3,100958.7,100952.3
99833.9,97728.3,99110.7,98667.5,97734.7,95419.5,96081.9,99593.9,100117.1,99497.9,99473.9,98742.7,94195.5,96001.9,93409.9,92769.9,95518.7,95830.7,96480.3,96446.7,95934.7,93451.5,92609.9,92523.5,91742.7,92414.7,94011.5,94637.1,96065.9,96408.3,96571.5,96438.7,96408.3,96469.1,96294.7,83742.7,77837.1,80715.5,74686.7,82128.3,80733.1,86096.3,90561.9,89699.5,89493.1,91984.3,92896.3,93862.7,93137.9,94629.1,100705.9,100830.7,100830.7,100840.3,100859.5,100864.3,100902.7,100965.1,100963.5,100968.3,100981.1,100952.3,100947.5
99784.3,99102.7,100078.7,100461.1,100203.5,98457.9,99224.3,100438.7,99729.9,99379.5,96518.7,88072.3,88073.9,89241.9,87696.3,89713.9,92598.7,94785.9,95873.9,95803.5,95318.7,94739.5,93664.3,93299.5,93510.7,93419.5,92665.9,94816.3,95547.5,96024.3,96321.9,96334.7,96317.1,96358.7,96080.3,88621.1,87123.5,81939.5,82349.1,74870.7,73065.9,87584.3,94417.9,93589.1,91873.9,93133.1,95425.9,96611.5,97889.9,99816.3,100912.3,100877.1,100870.7,100878.7,100897.9,100902.7,100939.5,100981.1,100973.1,101003.5,100985.9,100949.1,100950.7
