babi.json
{"header": {"discipline":0,"disciplineName":"Meteorological products","gribEdition":2,"gribLength":49052,"center":7,"centerName":"US National Weather Service - NCEP(WMC)","subcenter":0,"refTime":"2019-09-18T00:00:00.000Z","significanceOfRT":0,"significanceOfRTName":"Analysis","productStatus":0,"productStatusName":"Operational products","productType":0,"productTypeName":"Analysis products","productDefinitionTemplate":0,"productDefinitionTemplateName":"Analysis/forecast at horizontal level/layer at a point in time","parameterCategory":7,"parameterCategoryName":"Thermodynamic_Stability_indices","parameterNumber":193,"parameterNumberName":"Best_lifted_index","parameterUnit":"K","genProcessType":0,"genProcessTypeName":"Analysis","forecastTime":0,"surface1Type":1,"surface1TypeName":"Ground or water surface","surface1Value":0.0,"surface2Type":255,"surface2TypeName":"Missing","surface2Value":0.0,"gridDefinitionTemplate":0,"gridDefinitionTemplateName":"Latitude_Longitude","numberPoints":65160,"shape":6,"shapeName":"Earth spherical with radius of 6,371,229.0 m","gridUnits":"degrees","resolution":48,"winds":"true","scanMode":0,"nx":360,"ny":181,"basicAngle":0,"lo1":0.0,"la1":90.0,"lo2":359.0,"la2":-90.0,"dx":1.0,"dy":1.0}, "data":
[rows 52 to 77 of 181, columns 0 to 57 of 360]
-3.6501236,-2.8501236,-4.450124,-4.7501235,-4.7501235,-4.450124,-4.6501236,-5.950124,-6.0501237,-2.5501237,-2.7501235,-5.950124,-5.0501237,-4.1501236,-0.050123595,0.3498764,1.3498764,-4.0501237,-4.5501237,-3.2501235,-2.9501235,-1.8501236,1.7498764,-0.4501236,4.8498764,5.3498764,8.949877,6.7498765,5.6498766,6.049876,6.9498763,6.049876,4.8498764,5.7498765,5.4498763,5.049876,5.6498766,4.8498764,5.1498766,4.549876,3.2498765,4.8498764,3.7498765,3.1498764,2.6498764,2.3498764,3.7498765,3.5498765,3.5498765,-0.8501236,-1.0501236,-0.9501236,-0.4501236,1.6498764,0.9498764,3.0498765,4.6498766,4.7498765
-4.2501235,-4.8501234,-5.3501234,-4.950124,-3.3501236,-0.6501236,-3.2501235,-4.1501236,-7.450124,-4.5501237,-4.1501236,-5.2501235,-5.5501237,-3.7501235,-3.6501236,-1.3501236,-4.8501234,-3.3501236,-3.7501235,-3.3501236,-2.3501236,-2.0501237,0.3498764,1.9498764,-1.1501236,3.0498765,6.1498766,7.2498765,5.049876,5.9498763,5.9498763,4.9498763,3.7498765,5.4498763,3.6498764,2.5498765,2.1498764,4.049876,5.049876,4.6498766,4.6498766,4.549876,4.2498765,2.6498764,4.4498763,5.049876,2.8498764,2.9498763,1.0498765,-0.1501236,-0.9501236,-0.6501236,-1.2501236,0.1498764,2.3498764,2.2498765,2.8498764,5.4498763
-5.5501237,-5.2501235,-2.3501236,-1.9501235,-0.8501236,0.4498764,2.5498765,-1.5501236,-4.950124,-4.3501234,-4.7501235,-5.1501236,-4.950124,-2.4501235,-1.2501236,-0.8501236,-1.7501236,-0.6501236,-1.3501236,-1.7501236,-1.7501236,-1.5501236,-3.2501235,-2.4501235,-2.0501237,3.1498764,4.1498766,4.6498766,4.8498764,1.1498764,-1.7501236,-1.7501236,-0.050123595,0.1498764,-2.4501235,-0.5501236,2.4498763,3.0498765,5.049876,4.7498765,4.9498763,4.8498764,4.549876,4.4498763,4.7498765,4.2498765,2.7498765,1.7498764,0.8498764,0.9498764,0.5498764,-0.35012358,1.1498764,0.6498764,2.8498764,4.7498765,5.2498765,7.049876
-1.4501235,-1.6501236,-3.3501236,-3.4501235,0.049876403,-0.9501236,-2.5501237,-1.1501236,-2.3501236,-3.1501236,-2.8501236,-4.950124,-4.0501237,-2.5501237,-1.5501236,-0.7501236,-0.050123595,0.3498764,0.3498764,0.3498764,-0.050123595,0.6498764,-0.9501236,-1.7501236,1.1498764,7.049876,4.7498765,4.6498766,4.3498764,1.5498765,-0.1501236,0.3498764,0.7498764,5.6498766,2.0498765,0.4498764,3.3498764,9.249876,5.9498763,5.7498765,4.9498763,5.049876,5.1498766,4.8498764,4.8498764,2.4498763,1.8498764,2.6498764,1.9498764,0.6498764,1.8498764,2.3498764,3.8498764,5.7498765,5.7498765,6.7498765,8.249876,8.749876
-1.1501236,-1.4501235,-1.8501236,-2.1501236,-0.4501236,-0.2501236,-0.6501236,-0.050123595,-1.7501236,-3.2501235,-2.5501237,-3.6501236,-4.1501236,-3.7501235,-2.7501235,-1.8501236,-0.7501236,0.7498764,0.8498764,1.1498764,1.0498765,0.7498764,0.6498764,-0.5501236,-0.7501236,5.7498765,5.8498764,3.9498763,4.2498765,3.2498765,1.1498764,1.2498764,-0.5501236,-0.6501236,1.9498764,2.9498763,5.3498764,4.9498763,4.549876,2.3498764,3.1498764,3.1498764,2.0498765,1.5498765,2.5498765,2.2498765,2.5498765,3.1498764,1.9498764,3.0498765,3.1498764,4.6498766,6.1498766,8.149877,7.049876,7.6498766,9.549876,9.549876
-1.0501236,-1.0501236,-1.1501236,0.8498764,0.6498764,0.3498764,0.5498764,0.9498764,0.1498764,-0.6501236,-0.4501236,-0.35012358,-1.2501236,-1.8501236,-0.7501236,-2.6501236,-0.050123595,0.3498764,1.0498765,2.3498764,1.6498764,1.1498764,1.2498764,0.3498764,0.4498764,5.549876,5.6498766,3.4498763,5.3498764,3.8498764,3.6498764,2.0498765,0.6498764,2.1498764,2.6498764,1.3498764,8.149877,6.6498766,3.2498765,3.0498765,2.3498764,2.1498764,1.0498765,1.5498765,2.3498764,2.5498765,3.7498765,5.049876,4.9498763,4.6498766,5.8498764,7.549876,7.549876,7.3498764,7.7498765,8.049876,10.849876,10.949877
1.4498764,0.5498764,0.7498764,2.1498764,2.5498765,1.6498764,1.6498764,1.8498764,1.4498764,1.0498765,1.1498764,0.1498764,1.1498764,2.3498764,2.7498765,0.3498764,-1.5501236,0.1498764,1.5498765,1.8498764,1.6498764,3.5498765,3.6498764,0.6498764,1.2498764,2.6498764,4.9498763,3.8498764,3.8498764,4.7498765,4.7498765,3.7498765,3.1498764,3.8498764,3.7498765,4.2498765,4.549876,3.6498764,3.0498765,3.2498765,3.1498764,2.3498764,2.0498765,2.7498765,3.7498765,5.1498766,6.2498765,5.9498763,6.049876,5.7498765,7.6498766,6.7498765,7.8498764,9.849876,8.649877,8.649877,8.549876,12.149877
2.5498765,2.4498763,3.1498764,3.3498764,4.049876,4.3498764,4.2498765,3.3498764,3.0498765,2.2498765,1.1498764,2.7498765,4.049876,4.6498766,5.1498766,2.0498765,2.9498763,1.5498765,1.0498765,0.9498764,3.5498765,4.549876,2.7498765,2.8498764,5.9498763,4.549876,3.6498764,4.049876,3.6498764,4.8498764,5.549876,6.1498766,4.9498763,4.1498766,2.2498765,4.1498766,2.8498764,1.5498765,1.5498765,2.6498764,3.5498765,3.1498764,3.7498765,4.2498765,5.3498764,5.6498766,6.1498766,6.6498766,6.2498765,6.8498764,8.249876,7.8498764,7.8498764,8.849876,9.649877,9.549876,10.349876,9.949877
3.7498765,4.1498766,5.1498766,6.6498766,6.3498764,5.8498764,5.6498766,5.049876,5.2498765,4.6498766,4.4498763,4.3498764,5.8498764,4.3498764,5.4498763,3.9498763,2.8498764,2.2498765,1.8498764,0.9498764,3.6498764,5.9498763,7.4498763,7.2498765,5.049876,3.7498765,4.4498763,5.049876,5.1498766,5.3498764,6.549876,6.4498763,3.8498764,3.9498763,3.8498764,3.1498764,1.2498764,0.9498764,1.0498765,1.6498764,2.5498765,3.0498765,3.8498764,5.3498764,5.6498766,6.3498764,6.549876,5.8498764,6.2498765,7.6498766,3.5498765,9.449877,8.049876,8.649877,8.649877,9.849876,5.049876,8.749876
4.9498763,6.7498765,8.549876,8.149877,8.049876,6.6498766,5.7498765,5.3498764,7.4498763,5.9498763,6.1498766,6.8498764,7.1498766,7.6498766,7.6498766,8.149877,6.1498766,5.6498766,5.6498766,3.5498765,3.6498764,5.049876,7.9498763,7.549876,5.6498766,6.9498763,7.6498766,8.349876,8.649877,8.249876,6.549876,5.2498765,7.6498766,4.3498764,3.5498765,3.1498764,2.6498764,0.9498764,1.0498765,0.3498764,1.1498764,3.4498763,4.549876,5.549876,6.3498764,6.2498765,6.6498766,5.9498763,7.3498764,5.1498766,5.2498765,8.149877,9.249876,9.649877,9.249876,9.649877,8.849876,9.549876
6.7498765,9.249876,9.449877,9.449877,9.149877,8.849876,8.949877,6.9498763,8.849876,8.149877,8.049876,8.249876,8.449877,8.749876,8.149877,8.049876,8.549876,9.449877,8.749876,7.7498765,6.549876,8.249876,8.149877,8.649877,8.949877,8.349876,8.349876,8.449877,7.7498765,6.049876,6.8498764,7.3498764,7.549876,6.049876,3.2498765,2.4498763,3.0498765,1.7498764,0.4498764,0.9498764,0.9498764,3.0498765,5.2498765,5.9498763,5.549876,6.8498764,6.8498764,6.6498766,7.4498763,7.8498764,8.849876,4.549876,7.049876,4.1498766,5.1498766,-2.8501236,2.9498763,7.1498766
7.9498763,10.049876,10.449877,10.449877,9.949877,9.249876,9.049876,8.749876,8.949877,8.849876,8.749876,8.249876,8.349876,8.549876,8.849876,8.549876,8.549876,9.349876,10.149877,9.449877,7.7498765,9.049876,8.649877,8.049876,8.149877,8.649877,9.549876,8.949877,6.7498765,7.049876,7.3498764,7.049876,7.2498765,4.8498764,2.7498765,-2.7501235,0.8498764,1.7498764,1.0498765,1.2498764,1.2498764,2.3498764,3.9498763,6.3498764,6.8498764,7.549876,8.349876,10.249876,8.949877,8.249876,7.1498766,1.8498764,1.0498765,-1.1501236,0.049876403,2.3498764,-3.2501235,1.0498765
9.549876,10.049876,9.049876,8.449877,8.849876,9.149877,8.749876,8.949877,9.249876,8.749876,7.9498763,8.049876,8.249876,8.649877,9.049876,9.049876,8.949877,9.949877,9.849876,9.349876,7.9498763,9.149877,8.749876,8.049876,8.649877,8.949877,10.349876,9.049876,9.049876,8.849876,8.449877,7.049876,5.7498765,4.549876,4.8498764,-1.3501236,-3.4501235,2.6498764,0.7498764,1.1498764,-0.1501236,2.8498764,3.7498765,6.3498764,7.6498766,8.349876,7.9498763,9.149877,8.849876,8.049876,3.6498764,4.4498763,1.8498764,1.9498764,-3.5501237,-3.9501235,2.0498765,-2.2501235
8.149877,7.6498766,8.249876,7.549876,7.6498766,8.449877,8.849876,8.649877,8.049876,8.049876,8.749876,8.749876,8.049876,7.6498766,8.749876,9.449877,9.249876,10.349876,10.849876,9.749876,9.749876,9.449877,7.9498763,8.149877,8.949877,9.349876,9.849876,10.749876,8.849876,8.949877,8.949877,9.249876,5.6498766,3.6498764,4.7498765,0.9498764,-2.7501235,-4.5501237,1.1498764,0.3498764,1.7498764,3.4498763,4.4498763,6.4498763,7.7498765,7.7498765,7.7498765,8.049876,7.1498766,7.7498765,6.6498766,1.3498764,0.049876403,-2.0501237,-1.5501236,-6.2501235,4.8498764,-1.2501236
6.549876,7.549876,7.3498764,7.049876,7.4498763,7.8498764,8.549876,8.749876,8.549876,8.549876,8.749876,8.749876,9.049876,8.249876,8.549876,9.749876,9.949877,10.949877,11.749876,10.749876,9.649877,9.349876,8.749876,9.349876,10.849876,9.949877,9.849876,10.649877,10.949877,9.849876,9.249876,7.7498765,6.1498766,3.8498764,4.2498765,3.6498764,-3.3501236,-5.0501237,0.3498764,2.4498763,3.7498765,3.4498763,3.7498765,6.6498766,7.9498763,7.549876,7.4498763,7.049876,5.7498765,6.549876,6.4498763,3.0498765,-1.2501236,-2.1501236,-4.3501234,-2.0501237,9.049876,8.849876
6.049876,6.7498765,7.2498765,8.149877,8.649877,8.249876,7.9498763,10.549876,9.049876,8.449877,8.949877,9.249876,8.949877,9.349876,9.249876,8.249876,8.649877,9.849876,10.149877,9.849876,10.449877,9.749876,10.449877,10.049876,10.749876,9.849876,9.549876,9.349876,9.049876,8.649877,8.749876,7.549876,5.549876,3.4498763,4.8498764,2.2498765,-4.450124,-7.5501237,-5.950124,-2.0501237,2.9498763,2.8498764,3.1498764,4.8498764,6.6498766,6.549876,6.2498765,5.4498763,5.8498764,6.1498766,6.6498766,6.4498763,2.3498764,-0.35012358,0.1498764,1.3498764,2.6498764,4.049876
5.3498764,6.9498763,7.2498765,7.7498765,8.149877,8.549876,10.049876,9.849876,9.049876,8.449877,7.7498765,7.549876,7.9498763,8.249876,7.3498764,7.1498766,6.8498764,8.049876,8.849876,7.049876,10.949877,10.349876,10.349876,10.649877,10.149877,8.849876,9.149877,9.549876,8.949877,7.7498765,8.449877,6.549876,4.2498765,3.6498764,3.7498765,2.8498764,-1.2501236,-4.6501236,-8.150124,-7.0501237,2.3498764,3.3498764,3.2498765,5.4498763,5.7498765,5.8498764,5.8498764,5.4498763,5.2498765,4.6498766,3.9498763,1.5498765,2.6498764,2.0498765,2.0498765,2.4498763,1.2498764,2.0498765
5.4498763,6.9498763,7.2498765,7.549876,8.249876,8.649877,9.649877,9.449877,8.649877,8.749876,8.249876,8.249876,7.3498764,7.1498766,7.049876,5.7498765,5.9498763,6.4498763,6.6498766,10.549876,11.249876,10.049876,10.149877,9.349876,8.749876,8.449877,8.749876,8.749876,8.949877,8.349876,7.2498765,4.4498763,3.5498765,3.6498764,2.7498765,3.2498765,2.5498765,2.7498765,-9.250124,-8.150124,-3.3501236,0.1498764,2.9498763,4.6498766,5.1498766,5.8498764,5.9498763,5.049876,4.7498765,4.1498766,3.9498763,2.7498765,2.5498765,2.5498765,0.9498764,1.1498764,0.7498764,1.1498764
4.6498766,5.4498763,6.049876,6.4498763,8.449877,8.749876,4.2498765,5.049876,6.6498766,7.3498764,7.6498766,7.8498764,7.8498764,7.549876,7.549876,6.6498766,7.049876,9.049876,8.149877,9.549876,11.149877,9.949877,9.149877,8.149877,7.7498765,7.7498765,8.249876,8.049876,8.349876,7.2498765,5.2498765,3.7498765,3.2498765,2.1498764,2.6498764,1.8498764,1.3498764,-1.1501236,-11.050123,-10.050123,-7.3501234,-7.450124,2.7498765,3.9498763,4.1498766,5.1498766,5.6498766,5.3498764,4.4498763,4.7498765,3.0498765,3.5498765,3.5498765,0.6498764,1.0498765,0.9498764,0.7498764,0.8498764
5.549876,5.7498765,6.6498766,7.6498766,8.649877,7.3498764,5.049876,5.3498764,4.9498763,6.049876,7.2498765,7.1498766,7.9498763,8.949877,5.7498765,6.4498763,6.2498765,6.6498766,7.6498766,8.949877,9.649877,9.549876,8.849876,7.1498766,7.1498766,6.4498763,5.4498763,5.6498766,6.549876,4.7498765,3.7498765,1.7498764,2.3498764,3.1498764,3.0498765,1.7498764,-1.3501236,0.6498764,-9.650124,-11.150124,-10.250124,-9.350123,-1.9501235,4.3498764,4.7498765,5.6498766,5.6498766,5.7498765,4.549876,4.7498765,4.1498766,2.2498765,1.1498764,0.1498764,0.5498764,0.8498764,0.3498764,0.5498764
4.8498764,6.049876,6.549876,7.1498766,7.8498764,6.8498764,4.7498765,3.2498765,4.4498763,6.3498764,7.049876,7.3498764,6.8498764,5.2498765,5.549876,6.049876,6.049876,6.8498764,6.7498765,6.3498764,7.4498763,6.6498766,6.6498766,6.9498763,6.9498763,6.049876,5.549876,5.1498766,4.1498766,2.5498765,3.0498765,3.2498765,3.0498765,3.8498764,3.6498764,-0.5501236,-5.8501234,-4.0501237,-1.3501236,-12.150124,-11.150124,-10.650124,-8.850123,2.6498764,5.1498766,5.4498763,5.6498766,5.1498766,4.4498763,3.1498764,0.1498764,0.6498764,1.0498765,0.5498764,0.3498764,-0.050123595,0.4498764,-0.050123595
3.3498764,2.8498764,1.7498764,0.24987641,0.1498764,0.9498764,2.3498764,3.8498764,5.2498765,6.7498765,6.549876,5.4498763,5.049876,5.8498764,5.549876,6.2498765,5.7498765,5.9498763,6.6498766,5.6498766,6.4498763,7.049876,6.4498763,5.6498766,6.4498763,7.1498766,5.8498764,4.9498763,4.9498763,4.6498766,3.9498763,2.8498764,2.7498765,4.549876,3.1498764,-5.1501236,-5.450124,-9.450124,-4.450124,-9.550123,-11.950124,-10.750124,-9.350123,-8.750124,4.2498765,5.2498765,3.6498764,3.9498763,4.4498763,0.049876403,0.049876403,0.1498764,0.1498764,0.24987641,-0.9501236,-0.35012358,-0.7501236,-0.6501236
0.8498764,-1.2501236,-1.0501236,-0.5501236,0.1498764,0.6498764,-0.7501236,0.24987641,6.049876,5.6498766,3.9498763,3.6498764,5.4498763,6.549876,7.549876,5.7498765,3.8498764,0.24987641,-0.1501236,-3.0501237,6.8498764,3.5498765,5.2498765,5.549876,5.049876,5.049876,4.3498764,4.1498766,5.049876,-0.35012358,7.049876,2.8498764,0.6498764,-5.3501234,-5.6501236,-4.8501234,-5.5501237,-6.7501235,-7.2501235,-8.550123,-10.950124,-9.850123,-8.950124,-9.750124,3.1498764,3.6498764,4.1498766,3.6498764,1.0498765,-2.7501235,-2.3501236,-1.4501235,-0.8501236,-1.1501236,-0.7501236,-0.6501236,-1.3501236,-0.5501236
-1.4501235,-0.6501236,-1.7501236,-2.1501236,-0.8501236,-1.0501236,0.3498764,-1.2501236,-1.0501236,3.7498765,4.8498764,0.3498764,-2.3501236,2.1498764,1.0498765,-1.0501236,-2.6501236,-3.6501236,-3.5501237,-4.450124,-4.2501235,-2.8501236,-2.3501236,-3.1501236,-0.050123595,1.0498765,2.8498764,1.0498765,0.3498764,-2.0501237,-1.6501236,-3.1501236,-2.8501236,-3.5501237,-5.2501235,-4.450124,-5.1501236,-4.7501235,-5.7501235,-1.2501236,-9.150124,-8.750124,-9.350123,-9.850123,0.7498764,4.7498765,2.9498763,-0.5501236,-0.9501236,-2.0501237,-3.2501235,-1.8501236,-1.4501235,-1.8501236,-1.5501236,-1.8501236,-1.5501236,-1.4501235
-2.2501235,-2.5501237,-1.9501235,-2.1501236,-1.4501235,-0.8501236,-0.6501236,-0.2501236,-1.2501236,-1.3501236,-1.2501236,0.4498764,-0.050123595,0.9498764,0.6498764,-1.2501236,-4.450124,-5.1501236,-3.9501235,-3.5501237,-4.3501234,-3.8501236,-3.8501236,-2.1501236,0.3498764,0.5498764,-0.5501236,1.2498764,-0.1501236,-1.6501236,-1.9501235,-2.7501235,-2.7501235,-5.2501235,-3.7501235,-2.8501236,-3.2501235,-2.6501236,-3.1501236,-1.2501236,-4.1501236,1.2498764,-9.850123,-9.450124,0.049876403,1.0498765,2.0498765,-2.1501236,-5.1501236,-5.7501235,-4.6501236,-2.9501235,-1.8501236,-1.2501236,-1.0501236,-1.5501236,-0.9501236,-1.0501236
-3.1501236,-4.2501235,-4.3501234,-3.4501235,-2.5501237,-2.4501235,-2.3501236,-1.9501235,-0.6501236,-0.5501236,0.7498764,-0.050123595,-0.4501236,-1.3501236,-0.35012358,-1.6501236,-4.1501236,-4.950124,-3.4501235,-3.9501235,-3.3501236,-3.1501236,-2.0501237,0.8498764,2.9498763,1.6498764,-0.35012358,-1.6501236,-1.3501236,-1.2501236,-1.0501236,-2.2501235,-2.4501235,-3.2501235,-1.6501236,-1.6501236,-2.4501235,-2.2501235,-1.6501236,-2.2501235,-1.2501236,-4.3501234,-5.8501234,-10.650124,-3.7501235,-3.1501236,-1.9501235,-4.6501236,-4.0501237,-6.950124,-3.4501235,-3.2501235,-0.6501236,-0.4501236,-0.1501236,-0.9501236,-1.0501236,-1.0501236
