babi.json
{"header": {"discipline":0,"disciplineName":"Meteorological products","gribEdition":2,"gribLength":48738,"center":7,"centerName":"US National Weather Service - NCEP(WMC)","subcenter":0,"refTime":"2019-09-18T00:00:00.000Z","significanceOfRT":0,"significanceOfRTName":"Analysis","productStatus":0,"productStatusName":"Operational products","productType":0,"productTypeName":"Analysis products","productDefinitionTemplate":0,"productDefinitionTemplateName":"Analysis/forecast at horizontal level/layer at a point in time","parameterCategory":7,"parameterCategoryName":"Thermodynamic_Stability_indices","parameterNumber":192,"parameterNumberName":"Surface_Lifted_Index","parameterUnit":"K","genProcessType":0,"genProcessTypeName":"Analysis","forecastTime":0,"surface1Type":1,"surface1TypeName":"Ground or water surface","surface1Value":0.0,"surface2Type":255,"surface2TypeName":"Missing","surface2Value":0.0,"gridDefinitionTemplate":0,"gridDefinitionTemplateName":"Latitude_Longitude","numberPoints":65160,"shape":6,"shapeName":"Earth spherical with radius of 6,371,229.0 m","gridUnits":"degrees","resolution":48,"winds":"true","scanMode":0,"nx":360,"ny":181,"basicAngle":0,"lo1":0.0,"la1":90.0,"lo2":359.0,"la2":-90.0,"dx":1.0,"dy":1.0}, "data":
[rows 130 to 155 of 181, columns 232 to 289 of 360]
13.2300625,12.430063,11.2300625,7.830063,6.5300627,7.330063,7.230063,7.730063,7.830063,7.5300627,7.5300627,6.230063,7.0300627,9.030063,9.830063,9.930063,10.430063,11.630063,12.630063,13.630063,13.830063,14.2300625,14.630063,15.530063,16.330063,16.830063,16.830063,17.330063,17.230062,17.130062,17.430063,18.130062,18.930063,19.530064,19.830063,19.130062,19.230062,19.330063,18.530064,17.730062,17.330063,16.530064,15.430063,14.330063,14.330063,14.2300625,14.830063,15.630063,15.130063,15.7300625,15.430063,15.030063,15.030063,15.430063,14.630063,13.130063,14.930063,13.330063
12.7300625,13.530063,12.030063,11.530063,9.430063,8.2300625,8.2300625,8.030063,8.130063,7.930063,8.2300625,6.930063,7.630063,8.830063,9.2300625,9.530063,10.330063,11.130063,11.930063,12.7300625,13.530063,13.630063,14.630063,15.7300625,15.930063,16.630062,16.630062,17.130062,17.330063,17.330063,17.630062,18.130062,18.930063,19.230062,19.430063,19.430063,18.930063,18.130062,17.530064,16.530064,17.030064,16.530064,15.630063,14.030063,13.830063,13.930063,13.830063,15.330063,15.430063,15.130063,14.930063,14.7300625,14.7300625,14.930063,14.430063,14.2300625,12.030063,10.2300625
9.2300625,12.830063,13.2300625,12.330063,11.430063,10.630063,8.330063,8.630063,8.7300625,8.530063,8.130063,7.430063,8.030063,8.530063,9.2300625,10.030063,10.830063,11.2300625,12.130063,12.830063,13.2300625,14.2300625,14.830063,15.030063,15.2300625,15.630063,15.630063,15.930063,16.130062,16.330063,16.530064,16.730062,16.830063,17.230062,17.430063,17.330063,17.130062,16.830063,16.630062,16.130062,16.030064,16.330063,15.430063,14.430063,13.630063,13.2300625,13.130063,13.7300625,14.530063,13.830063,14.330063,14.430063,14.830063,13.930063,14.030063,12.130063,13.7300625,8.030063
9.630063,9.2300625,12.530063,13.7300625,12.930063,12.030063,12.2300625,11.830063,9.930063,9.330063,7.830063,6.930063,8.430063,9.2300625,9.530063,9.130063,9.430063,10.530063,11.2300625,12.030063,12.830063,13.630063,13.830063,14.030063,14.330063,14.630063,14.630063,15.030063,15.330063,15.7300625,16.130062,16.530064,16.330063,16.430063,16.630062,16.930063,16.330063,16.230062,16.030064,15.7300625,15.430063,15.630063,15.330063,14.130063,13.430063,12.630063,12.430063,12.530063,13.2300625,13.830063,14.430063,14.030063,13.7300625,13.430063,12.530063,11.7300625,12.330063,8.630063
10.2300625,9.430063,9.930063,12.930063,13.530063,13.630063,13.630063,13.130063,13.330063,12.630063,12.630063,11.930063,11.630063,11.430063,10.830063,9.7300625,9.030063,9.2300625,10.030063,10.530063,11.2300625,11.930063,12.330063,12.430063,12.530063,13.2300625,13.530063,13.930063,14.030063,14.030063,14.130063,14.430063,14.930063,14.830063,14.930063,14.930063,14.830063,14.630063,14.7300625,14.630063,14.430063,14.2300625,13.830063,13.330063,12.030063,11.130063,10.7300625,10.830063,12.630063,13.130063,13.2300625,13.330063,12.530063,12.530063,11.130063,10.530063,10.930063,7.0300627
9.930063,10.430063,10.530063,10.830063,12.630063,14.430063,14.2300625,14.2300625,14.7300625,14.7300625,14.2300625,13.930063,13.830063,13.630063,14.030063,14.330063,14.2300625,13.930063,13.830063,14.430063,14.630063,14.530063,15.030063,14.930063,14.830063,15.2300625,15.430063,15.530063,14.930063,14.330063,14.130063,13.830063,13.830063,13.830063,13.830063,14.2300625,13.930063,14.2300625,14.2300625,13.7300625,12.830063,12.7300625,12.330063,11.630063,10.930063,10.430063,10.130063,10.930063,11.830063,12.330063,12.330063,12.430063,11.830063,12.030063,11.030063,10.030063,11.030063,7.430063
10.7300625,11.430063,11.7300625,11.7300625,12.930063,13.530063,14.530063,16.330063,16.230062,15.930063,15.630063,15.530063,15.330063,15.430063,15.630063,15.7300625,15.7300625,15.830063,16.130062,16.230062,16.430063,16.530064,16.630062,16.630062,16.630062,16.730062,16.830063,16.930063,16.930063,16.630062,16.030064,15.430063,15.330063,15.130063,14.7300625,14.530063,14.330063,13.830063,13.330063,12.930063,12.530063,11.930063,11.630063,11.130063,10.830063,10.030063,10.130063,9.930063,10.330063,10.7300625,11.330063,12.2300625,11.830063,11.930063,9.530063,10.2300625,13.030063,7.930063
11.830063,12.030063,12.430063,12.630063,13.030063,13.430063,14.130063,14.330063,15.430063,15.830063,16.530064,16.130062,15.930063,15.430063,15.830063,16.130062,16.630062,17.230062,17.630062,17.830063,17.930063,17.830063,17.330063,17.230062,16.930063,16.930063,17.430063,17.930063,17.830063,16.830063,16.430063,16.630062,16.430063,16.430063,15.530063,15.930063,15.830063,15.130063,14.2300625,13.030063,12.030063,11.430063,10.530063,10.030063,9.830063,8.830063,8.7300625,8.2300625,9.2300625,9.330063,9.930063,11.330063,10.7300625,10.430063,8.930063,11.2300625,10.7300625,8.530063
11.2300625,12.030063,12.2300625,12.930063,13.130063,13.530063,13.630063,13.7300625,13.7300625,14.7300625,14.7300625,14.830063,15.630063,16.330063,16.730062,17.330063,17.330063,17.730062,17.630062,17.630062,17.230062,16.930063,16.630062,16.330063,17.030064,17.130062,17.430063,17.930063,18.130062,18.530064,18.130062,17.830063,16.530064,15.7300625,15.330063,14.7300625,14.2300625,14.330063,14.130063,12.630063,11.330063,10.130063,10.330063,9.930063,9.130063,8.830063,7.830063,7.930063,8.530063,7.430063,7.330063,8.430063,8.830063,8.530063,8.130063,8.830063,10.030063,6.0300627
11.430063,11.330063,12.030063,12.130063,11.930063,12.130063,12.430063,12.930063,13.430063,13.2300625,13.630063,14.2300625,14.330063,15.2300625,15.830063,16.430063,16.530064,16.230062,16.030064,15.430063,15.430063,15.2300625,14.630063,14.530063,14.330063,14.2300625,14.2300625,14.130063,13.930063,13.930063,13.7300625,13.630063,13.2300625,13.030063,13.030063,11.7300625,10.930063,10.630063,9.830063,9.430063,9.2300625,8.630063,8.630063,7.330063,7.830063,9.430063,8.430063,6.830063,7.230063,6.430063,5.930063,7.730063,7.230063,7.430063,6.730063,9.430063,8.630063,6.230063
10.7300625,11.030063,11.330063,10.530063,10.530063,11.030063,11.530063,11.630063,12.530063,12.7300625,12.630063,12.630063,13.030063,13.7300625,13.930063,14.030063,14.130063,13.830063,14.130063,13.930063,13.630063,12.630063,12.7300625,12.2300625,12.030063,11.930063,12.330063,12.330063,12.030063,11.7300625,11.330063,10.330063,9.830063,10.430063,10.530063,10.130063,9.830063,9.2300625,7.0300627,6.430063,6.0300627,6.0300627,5.630063,5.730063,6.130063,6.5300627,5.5300627,5.230063,4.230063,4.330063,4.830063,6.130063,6.730063,7.130063,7.0300627,9.030063,7.0300627,6.730063
9.430063,9.830063,9.830063,10.030063,10.830063,11.330063,11.630063,11.7300625,12.2300625,12.130063,11.7300625,11.330063,12.030063,12.2300625,12.530063,12.2300625,12.2300625,12.530063,12.430063,12.130063,11.7300625,11.830063,11.330063,11.430063,11.2300625,11.130063,11.2300625,11.130063,10.7300625,9.930063,8.530063,8.530063,8.630063,8.7300625,8.2300625,8.430063,8.830063,8.7300625,7.930063,6.930063,4.830063,4.330063,4.430063,4.0300627,4.0300627,4.130063,4.230063,3.3300629,3.230063,4.230063,5.330063,6.430063,7.330063,6.5300627,6.130063,9.2300625,7.730063,6.5300627
9.2300625,9.630063,10.030063,10.430063,10.830063,11.430063,11.530063,11.630063,12.330063,12.2300625,11.830063,11.030063,10.830063,11.530063,11.930063,12.2300625,11.930063,11.630063,11.430063,11.530063,11.430063,11.130063,10.930063,10.830063,11.030063,11.030063,10.930063,11.430063,10.830063,9.430063,6.830063,7.5300627,8.430063,8.430063,8.2300625,7.930063,7.0300627,6.930063,6.330063,6.0300627,5.130063,4.430063,3.6300628,2.6300628,2.3300629,3.230063,2.4300628,2.730063,2.730063,2.9300628,3.8300629,4.930063,5.330063,5.5300627,6.0300627,6.330063,6.430063,7.0300627
8.7300625,9.130063,9.130063,9.830063,10.430063,11.2300625,11.630063,11.630063,11.430063,11.7300625,11.930063,11.930063,11.7300625,12.030063,11.930063,11.830063,11.830063,11.530063,11.330063,11.330063,11.030063,11.030063,10.930063,10.7300625,10.830063,10.7300625,11.030063,10.930063,10.7300625,9.830063,7.0300627,7.5300627,8.630063,8.830063,8.130063,7.730063,6.630063,5.830063,4.730063,3.4300628,2.1300628,1.6300628,2.230063,4.0300627,3.730063,1.7300628,0.030062865,-0.46993715,0.030062865,0.33006287,1.3300629,2.4300628,2.8300629,3.530063,4.130063,5.630063,6.330063,7.130063
8.530063,8.830063,8.630063,9.130063,10.030063,10.7300625,11.430063,11.2300625,11.430063,11.530063,11.7300625,12.030063,12.530063,12.430063,12.330063,12.2300625,11.830063,11.7300625,11.530063,11.330063,11.130063,10.830063,10.930063,10.630063,10.330063,10.530063,10.430063,10.530063,10.130063,9.930063,8.530063,7.830063,8.630063,8.930063,8.7300625,8.130063,7.630063,6.230063,4.430063,3.030063,2.030063,1.5300629,0.53006285,1.8300629,2.6300628,3.4300628,1.8300629,0.83006287,0.53006285,1.1300628,0.33006287,1.2300628,1.4300629,2.3300629,3.4300628,4.230063,5.830063,5.630063
8.130063,8.530063,8.7300625,8.930063,9.530063,10.530063,10.7300625,10.7300625,11.2300625,11.7300625,11.530063,11.7300625,12.030063,11.830063,11.830063,11.7300625,11.7300625,11.930063,11.530063,11.2300625,10.930063,10.7300625,10.330063,10.2300625,9.830063,9.7300625,9.530063,9.7300625,9.530063,9.630063,9.630063,8.130063,8.130063,8.530063,8.7300625,8.930063,7.930063,6.930063,4.830063,2.730063,2.1300628,1.2300628,1.1300628,2.1300628,2.9300628,3.230063,2.6300628,1.1300628,1.2300628,1.3300629,0.83006287,1.2300628,1.8300629,3.4300628,3.6300628,4.430063,4.330063,4.430063
9.2300625,9.130063,8.930063,9.430063,9.330063,9.830063,10.330063,10.630063,10.430063,11.030063,11.630063,11.530063,11.530063,11.630063,11.630063,11.7300625,11.930063,11.7300625,11.530063,11.330063,10.930063,10.630063,9.930063,9.630063,9.630063,9.530063,9.030063,8.630063,8.630063,9.030063,9.530063,9.430063,8.030063,8.030063,8.630063,8.830063,8.7300625,7.5300627,5.630063,3.1300628,1.8300629,2.4300628,3.230063,3.1300628,3.230063,2.730063,2.230063,1.0300629,0.53006285,0.73006284,1.3300629,1.6300628,1.9300629,2.530063,2.730063,3.230063,3.1300628,3.230063
9.830063,9.930063,10.030063,10.330063,10.430063,10.330063,10.330063,10.330063,10.830063,11.030063,11.030063,11.2300625,11.430063,11.7300625,12.030063,12.030063,12.030063,11.830063,11.530063,11.130063,10.630063,10.2300625,9.7300625,9.530063,9.2300625,9.130063,8.830063,8.430063,8.630063,8.930063,8.930063,9.530063,9.330063,8.030063,8.2300625,9.130063,9.130063,8.130063,6.5300627,3.3300629,2.030063,2.730063,3.1300628,2.8300629,2.9300628,1.6300628,1.5300629,1.9300629,1.2300628,1.8300629,1.8300629,2.6300628,2.3300629,2.6300628,3.030063,3.530063,3.3300629,3.230063
9.530063,9.930063,9.830063,10.2300625,10.130063,10.330063,10.430063,10.630063,10.830063,11.130063,11.430063,11.530063,11.7300625,12.130063,12.2300625,12.130063,12.130063,11.830063,11.430063,11.130063,10.830063,10.530063,10.2300625,9.7300625,9.530063,9.330063,9.2300625,9.030063,8.830063,9.030063,9.2300625,9.130063,10.030063,9.530063,8.130063,8.7300625,9.430063,9.2300625,7.230063,4.0300627,2.730063,2.530063,2.8300629,2.8300629,3.030063,3.530063,3.030063,2.530063,1.3300629,2.1300628,2.530063,3.4300628,3.230063,3.030063,3.3300629,2.8300629,2.8300629,2.730063
10.430063,10.330063,10.430063,10.530063,10.430063,10.430063,10.330063,10.630063,10.930063,11.2300625,11.830063,11.530063,12.130063,12.530063,12.430063,12.330063,12.130063,12.030063,11.830063,11.7300625,11.530063,11.030063,10.330063,10.530063,10.330063,9.930063,9.930063,9.830063,9.7300625,9.630063,9.630063,9.630063,9.630063,10.330063,10.030063,10.030063,9.930063,9.630063,8.130063,4.830063,3.9300628,3.730063,2.6300628,2.9300628,3.530063,3.9300628,3.8300629,3.4300628,3.230063,1.9300629,1.7300628,1.7300628,2.030063,2.1300628,2.530063,2.530063,2.230063,2.8300629
12.2300625,11.530063,11.130063,10.7300625,10.430063,10.330063,10.430063,10.830063,11.030063,11.2300625,10.830063,11.430063,11.830063,11.930063,12.330063,12.330063,12.330063,12.330063,12.130063,12.030063,11.830063,11.530063,11.430063,11.330063,11.330063,11.330063,11.2300625,10.630063,10.530063,10.430063,10.530063,10.430063,10.2300625,10.830063,11.330063,11.330063,10.830063,9.930063,8.430063,5.130063,4.630063,4.5300627,4.330063,3.730063,3.1300628,3.8300629,4.630063,4.230063,3.3300629,2.9300628,3.3300629,2.530063,2.530063,2.6300628,2.3300629,2.4300628,2.8300629,3.4300628
12.030063,12.030063,11.630063,11.2300625,10.830063,10.7300625,10.7300625,9.930063,9.2300625,9.630063,9.930063,10.030063,10.7300625,11.330063,12.030063,12.030063,12.130063,12.2300625,12.030063,12.2300625,12.030063,12.2300625,11.930063,11.930063,11.930063,12.030063,11.930063,11.7300625,11.330063,11.130063,10.930063,10.430063,10.530063,11.2300625,11.630063,11.830063,11.130063,10.030063,8.7300625,6.930063,5.130063,5.230063,5.330063,5.630063,4.630063,3.3300629,3.8300629,4.230063,4.5300627,3.9300628,3.1300628,2.9300628,3.030063,2.9300628,3.030063,3.3300629,4.230063,4.5300627
11.930063,11.830063,11.930063,11.830063,11.630063,11.330063,10.530063,10.330063,9.130063,8.330063,8.530063,8.7300625,9.030063,9.7300625,10.330063,11.130063,11.530063,11.7300625,12.030063,12.2300625,12.130063,11.630063,11.630063,12.2300625,12.630063,12.630063,12.330063,12.030063,11.630063,11.030063,10.7300625,10.7300625,11.130063,12.130063,12.830063,12.430063,11.7300625,10.530063,8.930063,8.130063,6.630063,5.630063,5.630063,6.130063,6.430063,5.730063,5.130063,3.9300628,3.9300628,3.730063,3.3300629,3.1300628,3.4300628,3.6300628,4.630063,4.430063,4.630063,4.730063
12.130063,11.7300625,11.630063,11.530063,11.430063,11.630063,11.630063,11.130063,9.7300625,8.330063,7.930063,8.530063,8.530063,8.530063,9.430063,9.830063,10.530063,11.130063,11.630063,11.530063,11.530063,11.130063,11.130063,11.830063,12.130063,12.2300625,12.130063,12.130063,12.030063,11.630063,11.330063,11.530063,12.630063,13.2300625,13.530063,12.830063,12.2300625,10.830063,9.530063,8.430063,7.730063,6.930063,6.430063,6.730063,6.630063,6.5300627,6.930063,6.5300627,6.0300627,5.0300627,5.0300627,5.5300627,5.230063,5.430063,6.0300627,6.330063,6.830063,6.630063
11.930063,11.830063,11.7300625,11.830063,11.630063,11.530063,11.430063,10.430063,9.330063,8.630063,8.130063,8.130063,8.2300625,8.530063,7.930063,8.630063,9.430063,10.2300625,10.530063,10.530063,10.630063,10.7300625,11.130063,11.430063,11.830063,11.930063,12.030063,12.030063,11.930063,11.630063,12.2300625,13.130063,13.430063,14.130063,13.7300625,13.130063,12.530063,11.130063,9.930063,8.630063,7.730063,6.930063,6.630063,6.930063,7.330063,7.5300627,7.630063,7.330063,7.330063,6.830063,7.230063,7.630063,7.230063,7.630063,8.530063,8.530063,7.330063,8.130063
11.930063,11.930063,12.330063,11.930063,12.130063,11.430063,10.430063,9.7300625,9.030063,8.630063,7.830063,8.130063,8.130063,8.430063,8.330063,8.030063,8.030063,8.630063,9.2300625,9.530063,9.930063,10.330063,10.830063,11.430063,11.930063,12.130063,12.130063,11.930063,12.130063,12.930063,13.630063,14.330063,14.930063,14.7300625,14.030063,13.830063,12.930063,11.330063,10.130063,9.030063,8.330063,8.530063,8.930063,7.230063,7.830063,8.430063,8.330063,7.630063,7.0300627,7.330063,7.630063,7.830063,7.930063,8.030063,8.130063,7.5300627,9.2300625,9.430063
